1 -1 #SUP: 7471
1 -1 2 -1 #SUP: 4314
1 -1 131 -1 #SUP: 4705
1 -1 70 -1 #SUP: 4253
1 -1 135 -1 #SUP: 4366
1 -1 8 -1 #SUP: 4299
1 -1 10 -1 #SUP: 4308
1 -1 13 -1 #SUP: 4744
1 -1 14 -1 #SUP: 4287
1 -1 15 -1 #SUP: 5326
1 -1 18 -1 #SUP: 4668
1 -1 82 -1 #SUP: 4322
1 -1 147 -1 #SUP: 4347
1 -1 21 -1 #SUP: 4310
1 -1 24 -1 #SUP: 4312
1 -1 90 -1 #SUP: 4746
1 -1 155 -1 #SUP: 4320
1 -1 30 -1 #SUP: 4687
1 -1 31 -1 #SUP: 4134
1 -1 32 -1 #SUP: 5243
1 -1 97 -1 #SUP: 4222
1 -1 98 -1 #SUP: 4386
1 -1 36 -1 #SUP: 4288
1 -1 37 -1 #SUP: 4287
1 -1 44 -1 #SUP: 4314
1 -1 45 -1 #SUP: 5322
1 -1 47 -1 #SUP: 4982
1 -1 50 -1 #SUP: 4348
1 -1 181 -1 #SUP: 4154
1 -1 117 -1 #SUP: 4135
1 -1 118 -1 #SUP: 4130
1 -1 57 -1 #SUP: 4326
1 -1 59 -1 #SUP: 4300
2 -1 #SUP: 8186
2 -1 131 -1 #SUP: 4711
2 -1 67 -1 #SUP: 6054
2 -1 68 -1 #SUP: 5717
2 -1 70 -1 #SUP: 5655
2 -1 8 -1 #SUP: 5508
2 -1 8 -1 10 -1 #SUP: 4160
2 -1 8 -1 14 -1 #SUP: 4238
2 -1 8 -1 82 -1 #SUP: 4269
2 -1 8 -1 21 -1 #SUP: 4221
2 -1 8 -1 24 -1 #SUP: 4355
2 -1 8 -1 36 -1 #SUP: 4334
2 -1 8 -1 37 -1 #SUP: 4316
2 -1 8 -1 57 -1 #SUP: 4205
2 -1 8 -1 59 -1 #SUP: 4289
2 -1 10 -1 #SUP: 5829
2 -1 13 -1 #SUP: 5271
2 -1 14 -1 #SUP: 5842
2 -1 18 -1 #SUP: 5900
2 -1 18 -1 67 -1 #SUP: 4105
2 -1 18 -1 98 -1 #SUP: 4294
2 -1 82 -1 #SUP: 5888
2 -1 21 -1 #SUP: 5844
2 -1 24 -1 #SUP: 5930
2 -1 90 -1 #SUP: 5238
2 -1 30 -1 #SUP: 6011
2 -1 30 -1 67 -1 #SUP: 4273
2 -1 30 -1 68 -1 #SUP: 4261
2 -1 30 -1 70 -1 #SUP: 4337
2 -1 30 -1 97 -1 #SUP: 4301
2 -1 30 -1 98 -1 #SUP: 4530
2 -1 30 -1 181 -1 #SUP: 4255
2 -1 30 -1 117 -1 #SUP: 4301
2 -1 30 -1 118 -1 #SUP: 4248
2 -1 31 -1 #SUP: 5830
2 -1 31 -1 70 -1 #SUP: 4156
2 -1 31 -1 97 -1 #SUP: 4143
2 -1 31 -1 98 -1 #SUP: 4331
2 -1 31 -1 181 -1 #SUP: 4171
2 -1 31 -1 117 -1 #SUP: 4217
2 -1 31 -1 118 -1 #SUP: 4151
2 -1 96 -1 #SUP: 5575
2 -1 97 -1 #SUP: 5576
2 -1 98 -1 #SUP: 5836
2 -1 36 -1 #SUP: 5909
2 -1 37 -1 #SUP: 5934
2 -1 44 -1 #SUP: 5637
2 -1 44 -1 10 -1 #SUP: 4139
2 -1 44 -1 14 -1 #SUP: 4219
2 -1 44 -1 82 -1 #SUP: 4294
2 -1 44 -1 21 -1 #SUP: 4276
2 -1 44 -1 24 -1 #SUP: 4357
2 -1 44 -1 36 -1 #SUP: 4368
2 -1 44 -1 37 -1 #SUP: 4364
2 -1 44 -1 59 -1 #SUP: 4344
2 -1 50 -1 #SUP: 5662
2 -1 50 -1 82 -1 #SUP: 4179
2 -1 50 -1 21 -1 #SUP: 4139
2 -1 50 -1 24 -1 #SUP: 4186
2 -1 50 -1 36 -1 #SUP: 4250
2 -1 50 -1 37 -1 #SUP: 4234
2 -1 50 -1 59 -1 #SUP: 4208
2 -1 181 -1 #SUP: 5530
2 -1 117 -1 #SUP: 5513
2 -1 118 -1 #SUP: 5450
2 -1 57 -1 #SUP: 5838
2 -1 59 -1 #SUP: 5867
8 -1 #SUP: 7447
8 -1 67 -1 #SUP: 4974
8 -1 68 -1 #SUP: 4911
8 -1 70 -1 #SUP: 4904
8 -1 10 -1 #SUP: 5712
8 -1 14 -1 #SUP: 5804
8 -1 82 -1 #SUP: 5855
8 -1 21 -1 #SUP: 5798
8 -1 24 -1 #SUP: 5931
8 -1 30 -1 #SUP: 4771
8 -1 31 -1 #SUP: 4523
8 -1 96 -1 #SUP: 4219
8 -1 97 -1 #SUP: 4834
8 -1 98 -1 #SUP: 5227
8 -1 36 -1 #SUP: 5897
8 -1 37 -1 #SUP: 5903
8 -1 44 -1 #SUP: 4485
8 -1 50 -1 #SUP: 5048
8 -1 181 -1 #SUP: 4803
8 -1 117 -1 #SUP: 4859
8 -1 118 -1 #SUP: 4868
8 -1 57 -1 #SUP: 5769
8 -1 59 -1 #SUP: 5889
10 -1 #SUP: 7324
10 -1 70 -1 #SUP: 4090
10 -1 14 -1 #SUP: 4402
10 -1 82 -1 #SUP: 4918
10 -1 21 -1 #SUP: 4658
10 -1 24 -1 #SUP: 4966
10 -1 97 -1 #SUP: 4143
10 -1 98 -1 #SUP: 4490
10 -1 36 -1 #SUP: 5077
10 -1 37 -1 #SUP: 5017
10 -1 181 -1 #SUP: 4166
10 -1 117 -1 #SUP: 4283
10 -1 118 -1 #SUP: 4250
10 -1 59 -1 #SUP: 4969
13 -1 #SUP: 8220
13 -1 67 -1 #SUP: 5156
13 -1 68 -1 #SUP: 5113
13 -1 70 -1 #SUP: 5516
13 -1 8 -1 #SUP: 4707
13 -1 10 -1 #SUP: 5473
13 -1 14 -1 #SUP: 5531
13 -1 82 -1 #SUP: 5579
13 -1 18 -1 #SUP: 4559
13 -1 21 -1 #SUP: 5526
13 -1 24 -1 #SUP: 5618
13 -1 30 -1 #SUP: 5730
13 -1 30 -1 98 -1 #SUP: 4269
13 -1 31 -1 #SUP: 4870
13 -1 96 -1 #SUP: 4686
13 -1 97 -1 #SUP: 5485
13 -1 98 -1 #SUP: 5877
13 -1 36 -1 #SUP: 5702
13 -1 37 -1 #SUP: 5633
13 -1 44 -1 #SUP: 4957
13 -1 50 -1 #SUP: 5032
13 -1 181 -1 #SUP: 5441
13 -1 117 -1 #SUP: 5479
13 -1 118 -1 #SUP: 5444
13 -1 57 -1 #SUP: 5507
13 -1 59 -1 #SUP: 5648
14 -1 #SUP: 7275
14 -1 82 -1 #SUP: 4689
14 -1 21 -1 #SUP: 4178
14 -1 24 -1 #SUP: 4703
14 -1 98 -1 #SUP: 4415
14 -1 36 -1 #SUP: 5003
14 -1 37 -1 #SUP: 4761
14 -1 117 -1 #SUP: 4190
14 -1 118 -1 #SUP: 4220
14 -1 59 -1 #SUP: 4872
15 -1 #SUP: 6918
15 -1 131 -1 #SUP: 4160
15 -1 13 -1 #SUP: 4191
15 -1 18 -1 #SUP: 4144
15 -1 90 -1 #SUP: 4218
15 -1 30 -1 #SUP: 4200
17 -1 #SUP: 8054
17 -1 1 -1 #SUP: 6465
17 -1 1 -1 131 -1 #SUP: 4101
17 -1 1 -1 13 -1 #SUP: 4124
17 -1 1 -1 15 -1 #SUP: 4629
17 -1 1 -1 90 -1 #SUP: 4135
17 -1 1 -1 30 -1 #SUP: 4090
17 -1 1 -1 32 -1 #SUP: 4558
17 -1 1 -1 45 -1 #SUP: 4614
17 -1 1 -1 47 -1 #SUP: 4283
17 -1 2 -1 #SUP: 4731
17 -1 67 -1 #SUP: 4366
17 -1 131 -1 #SUP: 4972
17 -1 68 -1 #SUP: 4158
17 -1 70 -1 #SUP: 4427
17 -1 135 -1 #SUP: 4718
17 -1 8 -1 #SUP: 4560
17 -1 10 -1 #SUP: 4557
17 -1 13 -1 #SUP: 5001
17 -1 14 -1 #SUP: 4518
17 -1 15 -1 #SUP: 5806
17 -1 18 -1 #SUP: 4959
17 -1 82 -1 #SUP: 4489
17 -1 147 -1 #SUP: 4680
17 -1 21 -1 #SUP: 4500
17 -1 24 -1 #SUP: 4513
17 -1 90 -1 #SUP: 5006
17 -1 155 -1 #SUP: 4690
17 -1 30 -1 #SUP: 4905
17 -1 31 -1 #SUP: 4309
17 -1 32 -1 #SUP: 5648
17 -1 96 -1 #SUP: 4221
17 -1 33 -1 #SUP: 5317
17 -1 97 -1 #SUP: 4396
17 -1 98 -1 #SUP: 4581
17 -1 36 -1 #SUP: 4450
17 -1 37 -1 #SUP: 4458
17 -1 44 -1 #SUP: 4543
17 -1 45 -1 #SUP: 6111
17 -1 45 -1 15 -1 #SUP: 4235
17 -1 45 -1 32 -1 #SUP: 4154
17 -1 46 -1 #SUP: 5959
17 -1 46 -1 15 -1 #SUP: 4445
17 -1 46 -1 32 -1 #SUP: 4151
17 -1 46 -1 45 -1 #SUP: 4440
17 -1 46 -1 47 -1 #SUP: 4373
17 -1 47 -1 #SUP: 5928
17 -1 48 -1 #SUP: 5938
17 -1 48 -1 15 -1 #SUP: 4308
17 -1 48 -1 45 -1 #SUP: 4265
17 -1 50 -1 #SUP: 4602
17 -1 181 -1 #SUP: 4299
17 -1 117 -1 #SUP: 4294
17 -1 118 -1 #SUP: 4273
17 -1 57 -1 #SUP: 4521
17 -1 59 -1 #SUP: 4504
18 -1 #SUP: 8263
18 -1 67 -1 #SUP: 5336
18 -1 68 -1 #SUP: 5269
18 -1 70 -1 #SUP: 5775
18 -1 10 -1 #SUP: 4629
18 -1 14 -1 #SUP: 4731
18 -1 82 -1 #SUP: 4854
18 -1 21 -1 #SUP: 4683
18 -1 24 -1 #SUP: 4918
18 -1 30 -1 #SUP: 5417
18 -1 31 -1 #SUP: 4862
18 -1 96 -1 #SUP: 4644
18 -1 97 -1 #SUP: 5734
18 -1 98 -1 #SUP: 6007
18 -1 36 -1 #SUP: 5040
18 -1 37 -1 #SUP: 4881
18 -1 181 -1 #SUP: 5728
18 -1 117 -1 #SUP: 5713
18 -1 118 -1 #SUP: 5663
18 -1 57 -1 #SUP: 4649
18 -1 59 -1 #SUP: 4905
21 -1 #SUP: 7240
21 -1 82 -1 #SUP: 4701
21 -1 24 -1 #SUP: 4491
21 -1 98 -1 #SUP: 4391
21 -1 36 -1 #SUP: 4964
21 -1 37 -1 #SUP: 4914
21 -1 117 -1 #SUP: 4185
21 -1 118 -1 #SUP: 4151
21 -1 59 -1 #SUP: 4922
24 -1 #SUP: 7247
24 -1 82 -1 #SUP: 4152
24 -1 98 -1 #SUP: 4244
24 -1 36 -1 #SUP: 4866
24 -1 37 -1 #SUP: 4623
24 -1 59 -1 #SUP: 4595
30 -1 #SUP: 8776
30 -1 67 -1 #SUP: 5232
30 -1 68 -1 #SUP: 5223
30 -1 70 -1 #SUP: 5747
30 -1 31 -1 #SUP: 4301
30 -1 97 -1 #SUP: 5721
30 -1 98 -1 #SUP: 6075
30 -1 36 -1 #SUP: 4280
30 -1 37 -1 #SUP: 4107
30 -1 181 -1 #SUP: 5653
30 -1 117 -1 #SUP: 5647
30 -1 118 -1 #SUP: 5652
30 -1 59 -1 #SUP: 4105
31 -1 #SUP: 7051
31 -1 67 -1 #SUP: 4780
31 -1 68 -1 #SUP: 4951
31 -1 70 -1 #SUP: 5088
31 -1 97 -1 #SUP: 5068
31 -1 98 -1 #SUP: 5275
31 -1 181 -1 #SUP: 5081
31 -1 117 -1 #SUP: 5119
31 -1 118 -1 #SUP: 5048
32 -1 #SUP: 6692
32 -1 131 -1 #SUP: 4103
32 -1 13 -1 #SUP: 4127
32 -1 18 -1 #SUP: 4092
32 -1 90 -1 #SUP: 4118
32 -1 30 -1 #SUP: 4100
33 -1 #SUP: 6616
36 -1 #SUP: 7165
37 -1 #SUP: 7167
37 -1 98 -1 #SUP: 4127
37 -1 36 -1 #SUP: 4227
44 -1 #SUP: 7450
44 -1 67 -1 #SUP: 4873
44 -1 68 -1 #SUP: 4811
44 -1 70 -1 #SUP: 4828
44 -1 10 -1 #SUP: 5566
44 -1 14 -1 #SUP: 5671
44 -1 82 -1 #SUP: 5743
44 -1 21 -1 #SUP: 5729
44 -1 24 -1 #SUP: 5808
44 -1 30 -1 #SUP: 4616
44 -1 31 -1 #SUP: 4348
44 -1 97 -1 #SUP: 4749
44 -1 98 -1 #SUP: 5173
44 -1 36 -1 #SUP: 5833
44 -1 37 -1 #SUP: 5832
44 -1 50 -1 #SUP: 4523
44 -1 181 -1 #SUP: 4742
44 -1 117 -1 #SUP: 4807
44 -1 118 -1 #SUP: 4799
44 -1 57 -1 #SUP: 5504
44 -1 59 -1 #SUP: 5797
45 -1 #SUP: 7120
45 -1 131 -1 #SUP: 4405
45 -1 13 -1 #SUP: 4420
45 -1 15 -1 #SUP: 5008
45 -1 18 -1 #SUP: 4363
45 -1 90 -1 #SUP: 4428
45 -1 30 -1 #SUP: 4422
45 -1 32 -1 #SUP: 4908
45 -1 98 -1 #SUP: 4143
45 -1 50 -1 #SUP: 4090
46 -1 #SUP: 7598
46 -1 1 -1 #SUP: 4769
46 -1 2 -1 #SUP: 4501
46 -1 67 -1 #SUP: 4169
46 -1 131 -1 #SUP: 4895
46 -1 70 -1 #SUP: 4359
46 -1 135 -1 #SUP: 4535
46 -1 8 -1 #SUP: 4455
46 -1 10 -1 #SUP: 4479
46 -1 13 -1 #SUP: 4911
46 -1 14 -1 #SUP: 4433
46 -1 15 -1 #SUP: 5706
46 -1 18 -1 #SUP: 4848
46 -1 82 -1 #SUP: 4425
46 -1 147 -1 #SUP: 4543
46 -1 21 -1 #SUP: 4430
46 -1 24 -1 #SUP: 4462
46 -1 90 -1 #SUP: 4913
46 -1 155 -1 #SUP: 4491
46 -1 30 -1 #SUP: 4792
46 -1 31 -1 #SUP: 4230
46 -1 32 -1 #SUP: 5372
46 -1 96 -1 #SUP: 4107
46 -1 33 -1 #SUP: 4781
46 -1 97 -1 #SUP: 4317
46 -1 98 -1 #SUP: 4507
46 -1 36 -1 #SUP: 4377
46 -1 37 -1 #SUP: 4401
46 -1 44 -1 #SUP: 4448
46 -1 45 -1 #SUP: 5734
46 -1 47 -1 #SUP: 5632
46 -1 48 -1 #SUP: 4734
46 -1 50 -1 #SUP: 4486
46 -1 181 -1 #SUP: 4245
46 -1 117 -1 #SUP: 4228
46 -1 118 -1 #SUP: 4206
46 -1 57 -1 #SUP: 4446
46 -1 59 -1 #SUP: 4425
47 -1 #SUP: 7077
47 -1 131 -1 #SUP: 4310
47 -1 13 -1 #SUP: 4381
47 -1 18 -1 #SUP: 4308
47 -1 90 -1 #SUP: 4319
47 -1 30 -1 #SUP: 4303
48 -1 #SUP: 7551
48 -1 1 -1 #SUP: 4400
48 -1 2 -1 #SUP: 4436
48 -1 67 -1 #SUP: 4177
48 -1 131 -1 #SUP: 4824
48 -1 70 -1 #SUP: 4305
48 -1 135 -1 #SUP: 4454
48 -1 8 -1 #SUP: 4408
48 -1 10 -1 #SUP: 4401
48 -1 13 -1 #SUP: 4841
48 -1 14 -1 #SUP: 4368
48 -1 15 -1 #SUP: 5539
48 -1 18 -1 #SUP: 4760
48 -1 82 -1 #SUP: 4371
48 -1 147 -1 #SUP: 4424
48 -1 21 -1 #SUP: 4371
48 -1 24 -1 #SUP: 4367
48 -1 90 -1 #SUP: 4813
48 -1 155 -1 #SUP: 4424
48 -1 30 -1 #SUP: 4758
48 -1 31 -1 #SUP: 4197
48 -1 32 -1 #SUP: 5271
48 -1 33 -1 #SUP: 4582
48 -1 97 -1 #SUP: 4281
48 -1 98 -1 #SUP: 4442
48 -1 36 -1 #SUP: 4328
48 -1 37 -1 #SUP: 4340
48 -1 44 -1 #SUP: 4401
48 -1 45 -1 #SUP: 5547
48 -1 47 -1 #SUP: 5324
48 -1 50 -1 #SUP: 4439
48 -1 181 -1 #SUP: 4234
48 -1 117 -1 #SUP: 4188
48 -1 118 -1 #SUP: 4201
48 -1 57 -1 #SUP: 4366
48 -1 59 -1 #SUP: 4354
50 -1 #SUP: 7423
50 -1 67 -1 #SUP: 4625
50 -1 68 -1 #SUP: 4642
50 -1 70 -1 #SUP: 4653
50 -1 10 -1 #SUP: 5270
50 -1 14 -1 #SUP: 5419
50 -1 82 -1 #SUP: 5591
50 -1 21 -1 #SUP: 5529
50 -1 24 -1 #SUP: 5586
50 -1 30 -1 #SUP: 4301
50 -1 97 -1 #SUP: 4581
50 -1 98 -1 #SUP: 4979
50 -1 36 -1 #SUP: 5635
50 -1 37 -1 #SUP: 5624
50 -1 181 -1 #SUP: 4563
50 -1 117 -1 #SUP: 4691
50 -1 118 -1 #SUP: 4678
50 -1 57 -1 #SUP: 5025
50 -1 59 -1 #SUP: 5613
57 -1 #SUP: 7309
57 -1 70 -1 #SUP: 4192
57 -1 10 -1 #SUP: 4267
57 -1 14 -1 #SUP: 4737
57 -1 82 -1 #SUP: 4883
57 -1 21 -1 #SUP: 4788
57 -1 24 -1 #SUP: 5033
57 -1 97 -1 #SUP: 4173
57 -1 98 -1 #SUP: 4549
57 -1 36 -1 #SUP: 5075
57 -1 37 -1 #SUP: 4949
57 -1 181 -1 #SUP: 4182
57 -1 117 -1 #SUP: 4317
57 -1 118 -1 #SUP: 4309
57 -1 59 -1 #SUP: 5055
59 -1 #SUP: 7187
59 -1 98 -1 #SUP: 4102
59 -1 36 -1 #SUP: 4508
67 -1 #SUP: 7168
67 -1 70 -1 #SUP: 4368
67 -1 97 -1 #SUP: 4426
67 -1 98 -1 #SUP: 4658
67 -1 181 -1 #SUP: 4488
67 -1 117 -1 #SUP: 4661
67 -1 118 -1 #SUP: 4660
68 -1 #SUP: 6748
68 -1 97 -1 #SUP: 4387
68 -1 98 -1 #SUP: 4521
68 -1 181 -1 #SUP: 4495
68 -1 117 -1 #SUP: 4565
68 -1 118 -1 #SUP: 4545
70 -1 #SUP: 7206
70 -1 97 -1 #SUP: 4303
70 -1 98 -1 #SUP: 4721
70 -1 181 -1 #SUP: 4642
70 -1 117 -1 #SUP: 4705
70 -1 118 -1 #SUP: 4742
72 -1 #SUP: 4492
82 -1 #SUP: 7224
82 -1 98 -1 #SUP: 4241
82 -1 36 -1 #SUP: 4838
82 -1 37 -1 #SUP: 4634
82 -1 59 -1 #SUP: 4334
90 -1 #SUP: 8191
90 -1 67 -1 #SUP: 5136
90 -1 68 -1 #SUP: 5052
90 -1 70 -1 #SUP: 5540
90 -1 8 -1 #SUP: 5050
90 -1 10 -1 #SUP: 5779
90 -1 13 -1 #SUP: 4142
90 -1 14 -1 #SUP: 5837
90 -1 82 -1 #SUP: 5881
90 -1 18 -1 #SUP: 4863
90 -1 21 -1 #SUP: 5892
90 -1 24 -1 #SUP: 5902
90 -1 30 -1 #SUP: 5612
90 -1 30 -1 98 -1 #SUP: 4143
90 -1 31 -1 #SUP: 4789
90 -1 96 -1 #SUP: 4769
90 -1 97 -1 #SUP: 5418
90 -1 98 -1 #SUP: 5857
90 -1 36 -1 #SUP: 5921
90 -1 37 -1 #SUP: 5916
90 -1 44 -1 #SUP: 5248
90 -1 50 -1 #SUP: 5390
90 -1 181 -1 #SUP: 5396
90 -1 117 -1 #SUP: 5409
90 -1 118 -1 #SUP: 5456
90 -1 57 -1 #SUP: 5829
90 -1 59 -1 #SUP: 5921
96 -1 #SUP: 6527
97 -1 #SUP: 7130
97 -1 98 -1 #SUP: 4300
97 -1 181 -1 #SUP: 4533
97 -1 117 -1 #SUP: 4666
97 -1 118 -1 #SUP: 4652
98 -1 #SUP: 8020
98 -1 117 -1 #SUP: 4603
98 -1 181 -1 #SUP: 4181
98 -1 118 -1 #SUP: 4837
117 -1 #SUP: 6963
118 -1 #SUP: 6961
131 -1 #SUP: 8162
131 -1 67 -1 #SUP: 5234
131 -1 68 -1 #SUP: 5144
131 -1 70 -1 #SUP: 5597
131 -1 8 -1 #SUP: 5123
131 -1 10 -1 #SUP: 5569
131 -1 13 -1 #SUP: 5526
131 -1 14 -1 #SUP: 5624
131 -1 82 -1 #SUP: 5682
131 -1 18 -1 #SUP: 5432
131 -1 21 -1 #SUP: 5657
131 -1 24 -1 #SUP: 5716
131 -1 90 -1 #SUP: 5185
131 -1 30 -1 #SUP: 5844
131 -1 30 -1 70 -1 #SUP: 4123
131 -1 30 -1 97 -1 #SUP: 4125
131 -1 30 -1 98 -1 #SUP: 4340
131 -1 30 -1 117 -1 #SUP: 4099
131 -1 31 -1 #SUP: 4994
131 -1 96 -1 #SUP: 4920
131 -1 97 -1 #SUP: 5566
131 -1 98 -1 #SUP: 5909
131 -1 36 -1 #SUP: 5755
131 -1 37 -1 #SUP: 5718
131 -1 44 -1 #SUP: 5225
131 -1 50 -1 #SUP: 5324
131 -1 181 -1 #SUP: 5472
131 -1 117 -1 #SUP: 5497
131 -1 118 -1 #SUP: 5494
131 -1 57 -1 #SUP: 5643
131 -1 59 -1 #SUP: 5735
135 -1 #SUP: 7827
135 -1 2 -1 #SUP: 4183
135 -1 131 -1 #SUP: 5164
135 -1 67 -1 #SUP: 5682
135 -1 68 -1 #SUP: 5494
135 -1 70 -1 #SUP: 5447
135 -1 8 -1 #SUP: 5963
135 -1 8 -1 10 -1 #SUP: 4493
135 -1 8 -1 14 -1 #SUP: 4601
135 -1 8 -1 82 -1 #SUP: 4623
135 -1 8 -1 21 -1 #SUP: 4603
135 -1 8 -1 24 -1 #SUP: 4681
135 -1 8 -1 98 -1 #SUP: 4151
135 -1 8 -1 36 -1 #SUP: 4688
135 -1 8 -1 37 -1 #SUP: 4670
135 -1 8 -1 57 -1 #SUP: 4556
135 -1 8 -1 59 -1 #SUP: 4661
135 -1 10 -1 #SUP: 6111
135 -1 10 -1 36 -1 #SUP: 4153
135 -1 13 -1 #SUP: 5589
135 -1 13 -1 36 -1 #SUP: 4185
135 -1 13 -1 37 -1 #SUP: 4093
135 -1 13 -1 59 -1 #SUP: 4119
135 -1 14 -1 #SUP: 6102
135 -1 14 -1 36 -1 #SUP: 4105
135 -1 18 -1 #SUP: 5627
135 -1 18 -1 98 -1 #SUP: 4140
135 -1 82 -1 #SUP: 6105
135 -1 21 -1 #SUP: 6149
135 -1 21 -1 36 -1 #SUP: 4137
135 -1 24 -1 #SUP: 6141
135 -1 90 -1 #SUP: 5841
135 -1 90 -1 10 -1 #SUP: 4420
135 -1 90 -1 14 -1 #SUP: 4502
135 -1 90 -1 82 -1 #SUP: 4538
135 -1 90 -1 21 -1 #SUP: 4526
135 -1 90 -1 24 -1 #SUP: 4531
135 -1 90 -1 98 -1 #SUP: 4137
135 -1 90 -1 36 -1 #SUP: 4567
135 -1 90 -1 37 -1 #SUP: 4536
135 -1 90 -1 57 -1 #SUP: 4464
135 -1 90 -1 59 -1 #SUP: 4565
135 -1 30 -1 #SUP: 5872
135 -1 30 -1 70 -1 #SUP: 4165
135 -1 30 -1 97 -1 #SUP: 4135
135 -1 30 -1 98 -1 #SUP: 4371
135 -1 30 -1 117 -1 #SUP: 4126
135 -1 30 -1 118 -1 #SUP: 4091
135 -1 31 -1 #SUP: 5576
135 -1 31 -1 98 -1 #SUP: 4197
135 -1 96 -1 #SUP: 5357
135 -1 97 -1 #SUP: 5369
135 -1 98 -1 #SUP: 5718
135 -1 36 -1 #SUP: 6143
135 -1 37 -1 #SUP: 6111
135 -1 44 -1 #SUP: 6053
135 -1 44 -1 10 -1 #SUP: 4451
135 -1 44 -1 14 -1 #SUP: 4559
135 -1 44 -1 82 -1 #SUP: 4621
135 -1 44 -1 21 -1 #SUP: 4605
135 -1 44 -1 24 -1 #SUP: 4672
135 -1 44 -1 98 -1 #SUP: 4167
135 -1 44 -1 36 -1 #SUP: 4712
135 -1 44 -1 37 -1 #SUP: 4685
135 -1 44 -1 57 -1 #SUP: 4378
135 -1 44 -1 59 -1 #SUP: 4678
135 -1 50 -1 #SUP: 6360
135 -1 50 -1 10 -1 #SUP: 4430
135 -1 50 -1 14 -1 #SUP: 4594
135 -1 50 -1 82 -1 #SUP: 4748
135 -1 50 -1 21 -1 #SUP: 4727
135 -1 50 -1 24 -1 #SUP: 4733
135 -1 50 -1 98 -1 #SUP: 4266
135 -1 50 -1 36 -1 #SUP: 4819
135 -1 50 -1 37 -1 #SUP: 4791
135 -1 50 -1 57 -1 #SUP: 4242
135 -1 50 -1 59 -1 #SUP: 4776
135 -1 181 -1 #SUP: 5303
135 -1 117 -1 #SUP: 5307
135 -1 118 -1 #SUP: 5283
135 -1 57 -1 #SUP: 6162
135 -1 57 -1 24 -1 #SUP: 4134
135 -1 57 -1 36 -1 #SUP: 4181
135 -1 57 -1 59 -1 #SUP: 4163
135 -1 59 -1 #SUP: 6095
147 -1 #SUP: 7787
147 -1 2 -1 #SUP: 4634
147 -1 131 -1 #SUP: 6041
147 -1 131 -1 67 -1 #SUP: 4192
147 -1 131 -1 68 -1 #SUP: 4138
147 -1 131 -1 70 -1 #SUP: 4148
147 -1 131 -1 10 -1 #SUP: 4469
147 -1 131 -1 14 -1 #SUP: 4524
147 -1 131 -1 82 -1 #SUP: 4569
147 -1 131 -1 21 -1 #SUP: 4531
147 -1 131 -1 24 -1 #SUP: 4591
147 -1 131 -1 30 -1 #SUP: 4256
147 -1 131 -1 97 -1 #SUP: 4120
147 -1 131 -1 98 -1 #SUP: 4367
147 -1 131 -1 36 -1 #SUP: 4634
147 -1 131 -1 37 -1 #SUP: 4612
147 -1 131 -1 44 -1 #SUP: 4126
147 -1 131 -1 50 -1 #SUP: 4216
147 -1 131 -1 57 -1 #SUP: 4529
147 -1 131 -1 59 -1 #SUP: 4608
147 -1 67 -1 #SUP: 5665
147 -1 68 -1 #SUP: 5523
147 -1 70 -1 #SUP: 5459
147 -1 135 -1 #SUP: 4410
147 -1 8 -1 #SUP: 5875
147 -1 8 -1 10 -1 #SUP: 4452
147 -1 8 -1 14 -1 #SUP: 4529
147 -1 8 -1 82 -1 #SUP: 4558
147 -1 8 -1 21 -1 #SUP: 4520
147 -1 8 -1 24 -1 #SUP: 4628
147 -1 8 -1 98 -1 #SUP: 4093
147 -1 8 -1 36 -1 #SUP: 4613
147 -1 8 -1 37 -1 #SUP: 4615
147 -1 8 -1 57 -1 #SUP: 4506
147 -1 8 -1 59 -1 #SUP: 4591
147 -1 10 -1 #SUP: 6052
147 -1 10 -1 36 -1 #SUP: 4105
147 -1 13 -1 #SUP: 5980
147 -1 13 -1 10 -1 #SUP: 4290
147 -1 13 -1 14 -1 #SUP: 4359
147 -1 13 -1 82 -1 #SUP: 4404
147 -1 13 -1 21 -1 #SUP: 4342
147 -1 13 -1 24 -1 #SUP: 4428
147 -1 13 -1 98 -1 #SUP: 4269
147 -1 13 -1 36 -1 #SUP: 4517
147 -1 13 -1 37 -1 #SUP: 4450
147 -1 13 -1 57 -1 #SUP: 4311
147 -1 13 -1 59 -1 #SUP: 4473
147 -1 14 -1 #SUP: 6051
147 -1 18 -1 #SUP: 5746
147 -1 18 -1 98 -1 #SUP: 4285
147 -1 82 -1 #SUP: 6079
147 -1 21 -1 #SUP: 6088
147 -1 24 -1 #SUP: 6102
147 -1 90 -1 #SUP: 6052
147 -1 90 -1 67 -1 #SUP: 4107
147 -1 90 -1 70 -1 #SUP: 4090
147 -1 90 -1 10 -1 #SUP: 4628
147 -1 90 -1 14 -1 #SUP: 4700
147 -1 90 -1 82 -1 #SUP: 4741
147 -1 90 -1 21 -1 #SUP: 4735
147 -1 90 -1 24 -1 #SUP: 4748
147 -1 90 -1 98 -1 #SUP: 4340
147 -1 90 -1 36 -1 #SUP: 4768
147 -1 90 -1 37 -1 #SUP: 4779
147 -1 90 -1 44 -1 #SUP: 4148
147 -1 90 -1 50 -1 #SUP: 4261
147 -1 90 -1 57 -1 #SUP: 4681
147 -1 90 -1 59 -1 #SUP: 4763
147 -1 30 -1 #SUP: 5924
147 -1 30 -1 67 -1 #SUP: 4140
147 -1 30 -1 68 -1 #SUP: 4167
147 -1 30 -1 70 -1 #SUP: 4255
147 -1 30 -1 97 -1 #SUP: 4191
147 -1 30 -1 98 -1 #SUP: 4441
147 -1 30 -1 181 -1 #SUP: 4168
147 -1 30 -1 117 -1 #SUP: 4190
147 -1 30 -1 118 -1 #SUP: 4147
147 -1 31 -1 #SUP: 5607
147 -1 31 -1 98 -1 #SUP: 4224
147 -1 96 -1 #SUP: 5363
147 -1 97 -1 #SUP: 5361
147 -1 98 -1 #SUP: 5683
147 -1 36 -1 #SUP: 6121
147 -1 37 -1 #SUP: 6134
147 -1 44 -1 #SUP: 5958
147 -1 44 -1 10 -1 #SUP: 4405
147 -1 44 -1 14 -1 #SUP: 4505
147 -1 44 -1 82 -1 #SUP: 4564
147 -1 44 -1 21 -1 #SUP: 4526
147 -1 44 -1 24 -1 #SUP: 4613
147 -1 44 -1 98 -1 #SUP: 4113
147 -1 44 -1 36 -1 #SUP: 4656
147 -1 44 -1 37 -1 #SUP: 4646
147 -1 44 -1 57 -1 #SUP: 4324
147 -1 44 -1 59 -1 #SUP: 4612
147 -1 50 -1 #SUP: 5936
147 -1 50 -1 14 -1 #SUP: 4247
147 -1 50 -1 82 -1 #SUP: 4387
147 -1 50 -1 21 -1 #SUP: 4363
147 -1 50 -1 24 -1 #SUP: 4385
147 -1 50 -1 36 -1 #SUP: 4444
147 -1 50 -1 37 -1 #SUP: 4451
147 -1 50 -1 59 -1 #SUP: 4438
147 -1 181 -1 #SUP: 5330
147 -1 117 -1 #SUP: 5331
147 -1 118 -1 #SUP: 5279
147 -1 57 -1 #SUP: 6101
147 -1 57 -1 24 -1 #SUP: 4096
147 -1 57 -1 36 -1 #SUP: 4120
147 -1 57 -1 59 -1 #SUP: 4094
147 -1 59 -1 #SUP: 6070
155 -1 #SUP: 7629
155 -1 2 -1 #SUP: 5739
155 -1 2 -1 67 -1 #SUP: 4342
155 -1 2 -1 68 -1 #SUP: 4186
155 -1 2 -1 70 -1 #SUP: 4153
155 -1 2 -1 10 -1 #SUP: 4339
155 -1 2 -1 14 -1 #SUP: 4398
155 -1 2 -1 18 -1 #SUP: 4245
155 -1 2 -1 82 -1 #SUP: 4437
155 -1 2 -1 21 -1 #SUP: 4370
155 -1 2 -1 24 -1 #SUP: 4437
155 -1 2 -1 30 -1 #SUP: 4427
155 -1 2 -1 31 -1 #SUP: 4246
155 -1 2 -1 96 -1 #SUP: 4146
155 -1 2 -1 98 -1 #SUP: 4319
155 -1 2 -1 36 -1 #SUP: 4453
155 -1 2 -1 37 -1 #SUP: 4466
155 -1 2 -1 44 -1 #SUP: 4172
155 -1 2 -1 50 -1 #SUP: 4212
155 -1 2 -1 57 -1 #SUP: 4383
155 -1 2 -1 59 -1 #SUP: 4428
155 -1 131 -1 #SUP: 6352
155 -1 131 -1 67 -1 #SUP: 4546
155 -1 131 -1 68 -1 #SUP: 4470
155 -1 131 -1 70 -1 #SUP: 4466
155 -1 131 -1 8 -1 #SUP: 4335
155 -1 131 -1 10 -1 #SUP: 4731
155 -1 131 -1 13 -1 #SUP: 4217
155 -1 131 -1 14 -1 #SUP: 4802
155 -1 131 -1 82 -1 #SUP: 4856
155 -1 131 -1 18 -1 #SUP: 4258
155 -1 131 -1 21 -1 #SUP: 4827
155 -1 131 -1 24 -1 #SUP: 4877
155 -1 131 -1 30 -1 #SUP: 4596
155 -1 131 -1 31 -1 #SUP: 4312
155 -1 131 -1 96 -1 #SUP: 4268
155 -1 131 -1 97 -1 #SUP: 4447
155 -1 131 -1 98 -1 #SUP: 4740
155 -1 131 -1 36 -1 #SUP: 4936
155 -1 131 -1 37 -1 #SUP: 4883
155 -1 131 -1 44 -1 #SUP: 4420
155 -1 131 -1 50 -1 #SUP: 4488
155 -1 131 -1 181 -1 #SUP: 4377
155 -1 131 -1 117 -1 #SUP: 4419
155 -1 131 -1 118 -1 #SUP: 4395
155 -1 131 -1 57 -1 #SUP: 4811
155 -1 131 -1 59 -1 #SUP: 4902
155 -1 67 -1 #SUP: 5673
155 -1 68 -1 #SUP: 5534
155 -1 70 -1 #SUP: 5446
155 -1 135 -1 #SUP: 5758
155 -1 135 -1 67 -1 #SUP: 4219
155 -1 135 -1 68 -1 #SUP: 4124
155 -1 135 -1 70 -1 #SUP: 4118
155 -1 135 -1 8 -1 #SUP: 4400
155 -1 135 -1 10 -1 #SUP: 4549
155 -1 135 -1 14 -1 #SUP: 4545
155 -1 135 -1 18 -1 #SUP: 4114
155 -1 135 -1 82 -1 #SUP: 4553
155 -1 135 -1 21 -1 #SUP: 4577
155 -1 135 -1 24 -1 #SUP: 4594
155 -1 135 -1 90 -1 #SUP: 4269
155 -1 135 -1 30 -1 #SUP: 4359
155 -1 135 -1 31 -1 #SUP: 4151
155 -1 135 -1 98 -1 #SUP: 4328
155 -1 135 -1 36 -1 #SUP: 4587
155 -1 135 -1 37 -1 #SUP: 4572
155 -1 135 -1 44 -1 #SUP: 4464
155 -1 135 -1 50 -1 #SUP: 4737
155 -1 135 -1 57 -1 #SUP: 4595
155 -1 135 -1 59 -1 #SUP: 4548
155 -1 8 -1 #SUP: 5912
155 -1 8 -1 10 -1 #SUP: 4476
155 -1 8 -1 14 -1 #SUP: 4572
155 -1 8 -1 82 -1 #SUP: 4602
155 -1 8 -1 21 -1 #SUP: 4552
155 -1 8 -1 24 -1 #SUP: 4648
155 -1 8 -1 98 -1 #SUP: 4208
155 -1 8 -1 36 -1 #SUP: 4663
155 -1 8 -1 37 -1 #SUP: 4641
155 -1 8 -1 57 -1 #SUP: 4533
155 -1 8 -1 59 -1 #SUP: 4635
155 -1 10 -1 #SUP: 6008
155 -1 10 -1 36 -1 #SUP: 4107
155 -1 13 -1 #SUP: 5887
155 -1 13 -1 10 -1 #SUP: 4214
155 -1 13 -1 14 -1 #SUP: 4270
155 -1 13 -1 82 -1 #SUP: 4322
155 -1 13 -1 21 -1 #SUP: 4274
155 -1 13 -1 24 -1 #SUP: 4351
155 -1 13 -1 98 -1 #SUP: 4273
155 -1 13 -1 36 -1 #SUP: 4438
155 -1 13 -1 37 -1 #SUP: 4373
155 -1 13 -1 57 -1 #SUP: 4263
155 -1 13 -1 59 -1 #SUP: 4391
155 -1 14 -1 #SUP: 5993
155 -1 18 -1 #SUP: 5903
155 -1 18 -1 67 -1 #SUP: 4144
155 -1 18 -1 68 -1 #SUP: 4126
155 -1 18 -1 70 -1 #SUP: 4151
155 -1 18 -1 97 -1 #SUP: 4113
155 -1 18 -1 98 -1 #SUP: 4411
155 -1 18 -1 181 -1 #SUP: 4133
155 -1 18 -1 117 -1 #SUP: 4134
155 -1 82 -1 #SUP: 6024
155 -1 147 -1 #SUP: 6049
155 -1 147 -1 131 -1 #SUP: 4633
155 -1 147 -1 67 -1 #SUP: 4475
155 -1 147 -1 68 -1 #SUP: 4343
155 -1 147 -1 70 -1 #SUP: 4313
155 -1 147 -1 8 -1 #SUP: 4541
155 -1 147 -1 10 -1 #SUP: 4723
155 -1 147 -1 13 -1 #SUP: 4649
155 -1 147 -1 14 -1 #SUP: 4735
155 -1 147 -1 18 -1 #SUP: 4479
155 -1 147 -1 82 -1 #SUP: 4761
155 -1 147 -1 21 -1 #SUP: 4759
155 -1 147 -1 24 -1 #SUP: 4781
155 -1 147 -1 90 -1 #SUP: 4673
155 -1 147 -1 30 -1 #SUP: 4643
155 -1 147 -1 31 -1 #SUP: 4393
155 -1 147 -1 96 -1 #SUP: 4264
155 -1 147 -1 97 -1 #SUP: 4238
155 -1 147 -1 98 -1 #SUP: 4505
155 -1 147 -1 36 -1 #SUP: 4826
155 -1 147 -1 37 -1 #SUP: 4800
155 -1 147 -1 44 -1 #SUP: 4628
155 -1 147 -1 50 -1 #SUP: 4617
155 -1 147 -1 181 -1 #SUP: 4201
155 -1 147 -1 117 -1 #SUP: 4217
155 -1 147 -1 118 -1 #SUP: 4188
155 -1 147 -1 57 -1 #SUP: 4780
155 -1 147 -1 59 -1 #SUP: 4761
155 -1 21 -1 #SUP: 6063
155 -1 21 -1 36 -1 #SUP: 4092
155 -1 24 -1 #SUP: 6038
155 -1 90 -1 #SUP: 5954
155 -1 90 -1 10 -1 #SUP: 4551
155 -1 90 -1 14 -1 #SUP: 4607
155 -1 90 -1 82 -1 #SUP: 4661
155 -1 90 -1 21 -1 #SUP: 4637
155 -1 90 -1 24 -1 #SUP: 4670
155 -1 90 -1 98 -1 #SUP: 4306
155 -1 90 -1 36 -1 #SUP: 4693
155 -1 90 -1 37 -1 #SUP: 4681
155 -1 90 -1 50 -1 #SUP: 4198
155 -1 90 -1 57 -1 #SUP: 4590
155 -1 90 -1 59 -1 #SUP: 4673
155 -1 30 -1 #SUP: 5945
155 -1 30 -1 67 -1 #SUP: 4217
155 -1 30 -1 68 -1 #SUP: 4216
155 -1 30 -1 70 -1 #SUP: 4301
155 -1 30 -1 97 -1 #SUP: 4268
155 -1 30 -1 98 -1 #SUP: 4514
155 -1 30 -1 181 -1 #SUP: 4225
155 -1 30 -1 117 -1 #SUP: 4245
155 -1 30 -1 118 -1 #SUP: 4215
155 -1 31 -1 #SUP: 5678
155 -1 31 -1 98 -1 #SUP: 4297
155 -1 31 -1 117 -1 #SUP: 4131
155 -1 96 -1 #SUP: 5427
155 -1 97 -1 #SUP: 5393
155 -1 98 -1 #SUP: 5693
155 -1 36 -1 #SUP: 6026
155 -1 37 -1 #SUP: 6017
155 -1 44 -1 #SUP: 5939
155 -1 44 -1 10 -1 #SUP: 4375
155 -1 44 -1 14 -1 #SUP: 4481
155 -1 44 -1 82 -1 #SUP: 4560
155 -1 44 -1 21 -1 #SUP: 4528
155 -1 44 -1 24 -1 #SUP: 4597
155 -1 44 -1 98 -1 #SUP: 4183
155 -1 44 -1 36 -1 #SUP: 4626
155 -1 44 -1 37 -1 #SUP: 4633
155 -1 44 -1 57 -1 #SUP: 4325
155 -1 44 -1 59 -1 #SUP: 4603
155 -1 50 -1 #SUP: 5986
155 -1 50 -1 10 -1 #SUP: 4153
155 -1 50 -1 14 -1 #SUP: 4312
155 -1 50 -1 82 -1 #SUP: 4454
155 -1 50 -1 21 -1 #SUP: 4402
155 -1 50 -1 24 -1 #SUP: 4464
155 -1 50 -1 36 -1 #SUP: 4514
155 -1 50 -1 37 -1 #SUP: 4514
155 -1 50 -1 59 -1 #SUP: 4490
155 -1 181 -1 #SUP: 5300
155 -1 117 -1 #SUP: 5301
155 -1 118 -1 #SUP: 5280
155 -1 57 -1 #SUP: 6033
155 -1 57 -1 36 -1 #SUP: 4100
155 -1 59 -1 #SUP: 5994
181 -1 #SUP: 7043
181 -1 117 -1 #SUP: 4195
181 -1 118 -1 #SUP: 4396
